10
11 1,4,84 1,10,12 3,10,74 0,10,89 0,7,53 2,7,43 2,9,11 1,6,24 0,5,24 3,8,10 4,2,73 1,9,5 7,1,47 2,9,79 6,3,89 3,5,82 4,0,75
16 6,10,56 6,15,33 6,12,2 6,13,42 2,13,57 3,13,96 4,13,67 1,13,45 1,9,13 5,9,45 0,9,87 6,8,95 6,14,81 0,11,70 1,7,88 15,4,39 13,0,12 0,14,98 12,3,31 11,1,1 13,5,80 10,3,37 8,3,92 12,4,81 11,4,26 15,1,35 6,11,46 14,6,21 4,9,77 3,14,76 2,11,85 11,0,53 1,14,19 1,7,22 10,5,80 12,1,79 5,12,75 6,7,46 8,5,59 12,0,47
17 1,12,32 4,12,20 4,13,22 6,13,91 3,13,21 0,13,12 0,15,99 0,7,64 5,7,63 2,7,53 6,10,91 6,16,12 3,11,7 1,14,18 1,9,75 1,8,69 1,11,31 15,3,43 1,16,88 8,2,20 6,14,67 6,16,33 8,6,95 12,2,71 3,8,59 12,3,12 4,16,9 14,0,62 6,15,40 7,3,48 16,3,47 6,10,18 3,11,86
13 3,9,15 3,7,41 3,6,42 3,11,84 3,8,67 3,5,64 0,5,62 4,5,5 4,12,14 1,12,40 2,12,17 2,10,28 0,6,56 8,4,81
12 2,4,6 0,4,99 1,4,26 0,10,45 0,11,18 1,9,34 2,5,52 2,6,15 2,8,35 0,3,50 1,7,79 5,0,75 11,2,55 2,3,70 7,1,48 10,2,29 0,6,36 10,1,81 1,9,31 6,2,5 0,7,39 11,0,69 5,1,82 6,1,24 10,0,4 8,2,73 7,2,35
16 4,9,28 0,9,31 3,9,59 3,10,86 5,10,37 5,13,64 5,8,26 5,14,74 5,15,84 5,7,40 5,12,95 2,12,71 1,12,52 1,11,68 6,10,5 4,8,7 13,0,69 2,9,9 3,8,84 4,15,16 3,13,34 10,4,92 3,11,22 2,13,92 2,8,49 6,14,2 1,9,43 2,14,61 10,0,12 7,4,38 10,2,42 1,14,45 3,12,30 5,11,89 15,6,56 3,14,64 5,9,24 1,7,22 0,7,1 6,8,27 11,2,92 0,8,51 10,1,83 8,1,93 2,7,51 2,15,76 4,12,78 0,12,54 10,6,21 0,11,80 3,15,70 1,13,73 6,11,77 12,6,60 6,13,98 9,6,28 13,4,81 0,14,79 14,4,12 3,7,92 1,15,64 7,6,25
20 1,16,75 1,13,60 2,13,21 2,10,13 4,10,71 4,19,42 4,12,77 3,12,12 6,12,22 8,12,8 8,9,22 7,9,73 5,9,9 0,9,2 4,14,34 2,15,70 3,17,85 6,11,92 6,18,71 19,7,26 7,12,86 12,2,63 13,6,80 11,6,89 9,6,76 12,0,77 18,4,48 3,17,91 4,16,91 7,13,11 3,9,17 3,14,26 13,4,74 11,4,33 10,3,71 14,5,18 13,5,86 19,3,82 13,8,67 19,8,85 5,18,24 8,10,86 2,18,25 2,17,91
12 0,4,76 0,10,78 2,10,87 1,10,69 0,9,66 0,11,50 2,3,41 2,5,52 1,8,42 2,7,82 0,6,2 7,0,62 6,0,94
16 6,7,40 3,7,36 3,12,12 3,9,15 1,9,35 1,8,83 1,13,62 2,13,9 2,10,57 2,11,59 0,11,57 5,11,25 4,11,70 5,15,85 4,14,81 12,1,45 2,7,86 0,13,31 7,5,2
12 3,5,100 3,7,65 3,4,11 3,8,80 2,8,51 2,11,50 2,9,48 0,9,82 1,9,83 0,10,45 2,6,100 10,3,91 10,2,44 9,3,80 7,0,19 10,0,36 8,0,65 2,7,36 0,5,72 1,5,56 0,4,99 0,11,70 0,6,33 2,4,76 6,3,92
